0.9917 0.8963 0.854 0.8 0.8 0.666 0.833
0.9562 0.9459 0.9657 0.4 0.4 0.0066 0.5
0.96 0.9518 0.9486 0.4 0.4 0.0066 0.666
0.9611 0.9617 0.9573 0.4 0.4 0.0066 0.833
0.9715 0.9761 0.9955 0.4 0.4 0.1666 0.5
0.9695 0.9809 0.9759 0.4 0.4 0.1666 0.666
0.972 0.9916 0.9835 0.4 0.4 0.1666 0.833
0.9844 0.9784 0.9633 0.4 0.4 0.333 0.666
0.9871 0.9894 0.9732 0.4 0.4 0.333 0.833
0.9932 0.974 0.9866 0.4 0.4 0.5 0.833
0.9974 0.9798 0.9659 0.4 0.4 0.666 0.833
0.9175 0.9349 0.9149 0.4 0.8 0.0066 0.333
0.923 0.8264 0.9649 0.4 0.8 0.0066 0.5
0.9472 0.8711 0.8551 0.4 0.8 0.0066 0.666
0.9562 0.947 0.9057 0.4 0.8 0.0066 0.833
0.9417 0.8803 0.9953 0.4 0.8 0.1666 0.5
0.9647 0.9034 0.8917 0.4 0.8 0.1666 0.666
0.9723 0.9741 0.902 0.4 0.8 0.1666 0.833
0.9805 0.9171 0.8927 0.4 0.8 0.333 0.666
0.9875 0.9764 0.9137 0.4 0.8 0.333 0.833
0.9933 0.9604 0.9217 0.4 0.8 0.5 0.833
0.9982 0.9706 0.9172 0.4 0.8 0.666 0.833
0.7951 0.8476 0.8787 0.8 0.4 0.0066 0.333
0.8018 0.8429 0.8879 0.8 0.4 0.0066 0.5
0.8553 0.8762 0.8879 0.8 0.4 0.0066 0.666
0.8024 0.8561 0.8815 0.8 0.4 0.0066 0.833
0.8507 0.9672 0.9877 0.8 0.4 0.1666 0.5
0.8531 0.9711 0.9685 0.8 0.4 0.1666 0.666
0.9747 0.9858 0.9521 0.8 0.4 0.1666 0.833
0.9365 0.955 0.9117 0.8 0.4 0.333 0.666
0.9128 0.9513 0.8996 0.8 0.4 0.333 0.833
0.9682 0.8882 0.9886 0.8 0.4 0.5 0.833
0.9886 0.882 0.8685 0.8 0.4 0.666 0.833
0.6891 0.7251 0.7885 0.8 0.8 0.0066 0.333
0.7692 0.6897 0.8782 0.8 0.8 0.0066 0.5
0.7936 0.7799 0.7759 0.8 0.8 0.0066 0.666
0.7948 0.9148 0.8212 0.8 0.8 0.0066 0.833
0.7404 0.7769 0.9815 0.8 0.8 0.1666 0.5
0.7628 0.821 0.8375 0.8 0.8 0.1666 0.666
0.8544 0.9706 0.9224 0.8 0.8 0.1666 0.833
0.903 0.8838 0.8032 0.8 0.8 0.333 0.666
0.9049 0.9382 0.8471 0.8 0.8 0.333 0.833
0.9659 0.8721 0.9265 0.8 0.8 0.5 0.833
0.9917 0.8963 0.854 0.8 0.8 0.666 0.833